asset,recorded_at,MDI_OBD_SPEED,GPS_SPEED,MDI_OBD_RPM,MDI_OBD_ENGINE_LOAD,MDI_OBD_FUEL,ODO_FULL_METER,MDI_DASHBOARD_MILEAGE,distance_meter,speed_filled,meter_filled,avrg_speed,distance_speed,distance_cum,delay,fuel
487,2017-10-21 14:47:04,nan,nan,nan,nan,nan,nan,nan,nan,nan,nan,nan,nan,nan,nan,nan
487,2017-10-21 14:47:04,nan,nan,nan,nan,nan,nan,nan,nan,nan,nan,nan,nan,0.0,0.0,nan
487,2017-10-21 14:47:06,nan,nan,668.0,nan,nan,nan,nan,nan,nan,nan,nan,nan,0.0,2.0,nan
487,2017-10-21 14:47:09,nan,nan,nan,nan,nan,nan,nan,nan,nan,nan,nan,nan,0.0,3.0,nan
487,2017-10-21 14:47:09,nan,nan,722.0,nan,nan,nan,nan,nan,nan,nan,nan,nan,0.0,0.0,nan
487,2017-10-21 14:47:09,nan,nan,nan,nan,nan,nan,nan,nan,nan,nan,nan,nan,0.0,0.0,nan
487,2017-10-21 14:47:11,nan,nan,nan,nan,nan,nan,nan,nan,nan,nan,nan,nan,0.0,2.0,nan
487,2017-10-21 14:47:12,nan,nan,nan,nan,nan,nan,nan,nan,nan,nan,nan,nan,0.0,1.0,nan
487,2017-10-21 14:47:12,nan,nan,nan,nan,nan,nan,nan,nan,nan,nan,nan,nan,0.0,0.0,nan
487,2017-10-21 14:47:16,nan,nan,650.0,nan,3746937.0,nan,nan,nan,nan,nan,nan,nan,0.0,4.0,nan
487,2017-10-21 14:47:16,nan,nan,nan,nan,nan,nan,nan,nan,nan,nan,nan,nan,0.0,0.0,nan
487,2017-10-21 14:47:47,5.0,4311.0,653.0,6.0,3746949.0,217759.0,nan,nan,5.0,217759.0,nan,43.055555555555564,43.055555555555564,31.000000000000004,12.0
487,2017-10-21 14:48:18,6.0,1308.0,641.0,3.0,3746970.0,217880.0,nan,121.0,6.0,217880.0,5.0,51.66666666666668,94.72222222222224,31.000000000000004,21.0
487,2017-10-21 14:48:49,5.0,2195.0,632.0,22.0,3747014.0,218068.0,nan,188.0,5.0,218068.0,5.5,43.055555555555564,137.7777777777778,31.000000000000004,44.0
487,2017-10-21 14:49:19,15.0,8283.0,1010.0,59.0,3747048.0,218107.0,nan,39.0,15.0,218107.0,5.333333333333333,125.00000000000003,262.7777777777778,30.000000000000004,34.0
487,2017-10-21 14:49:50,6.0,2054.0,634.0,1.0,3747057.0,218265.0,nan,158.0,6.0,218265.0,7.75,51.66666666666668,314.4444444444445,31.000000000000004,9.0
487,2017-10-21 14:50:20,14.0,8423.0,1012.0,25.0,3747071.0,218286.0,nan,21.0,14.0,218286.0,7.4,116.66666666666669,431.1111111111112,30.000000000000004,14.0
487,2017-10-21 14:50:51,0.0,0.0,641.0,17.0,3747099.0,218464.0,nan,178.0,0.0,218464.0,8.5,0.0,431.1111111111112,31.000000000000004,28.0
487,2017-10-21 14:51:22,nan,nan,652.0,24.0,3747114.0,nan,nan,nan,0.0,218464.0,7.285714285714286,0.0,431.1111111111112,31.000000000000004,15.0
487,2017-10-21 14:51:52,25.0,12905.0,1877.0,23.0,3747129.0,218486.0,nan,22.0,25.0,218486.0,7.285714285714286,208.33333333333337,639.4444444444446,30.000000000000004,15.0
487,2017-10-21 14:52:22,6.0,4450.0,632.0,0.0,3747179.0,218674.0,nan,188.0,6.0,218674.0,9.5,50.000000000000014,689.4444444444446,30.000000000000004,50.0
487,2017-10-21 14:52:52,28.0,13756.0,1379.0,2.0,3747194.0,218839.0,nan,165.0,28.0,218839.0,9.11111111111111,233.33333333333337,922.7777777777779,30.000000000000004,15.0
487,2017-10-21 14:53:23,19.0,9495.0,1575.0,7.0,3747209.0,218945.0,nan,106.0,19.0,218945.0,11.0,163.61111111111114,1086.3888888888891,31.000000000000004,15.0
487,2017-10-21 14:53:53,15.0,8026.0,816.0,73.0,3747281.0,219066.0,nan,121.0,15.0,219066.0,11.727272727272727,125.00000000000003,1211.3888888888891,30.000000000000004,72.0
487,2017-10-21 14:54:24,0.0,0.0,649.0,9.0,3747295.0,219099.0,nan,33.0,0.0,219099.0,12.0,0.0,1211.3888888888891,31.000000000000004,14.0
487,2017-10-21 14:54:55,nan,462.0,656.0,26.0,3747311.0,nan,nan,nan,0.0,219099.0,11.076923076923077,0.0,1211.3888888888891,31.000000000000004,16.0
487,2017-10-21 14:55:25,10.0,1499.0,650.0,7.0,3747322.0,nan,nan,nan,10.0,219099.0,11.076923076923077,83.33333333333334,1294.7222222222224,30.000000000000004,11.0
487,2017-10-21 14:55:35,4.0,nan,648.0,9.0,3747325.0,nan,nan,nan,4.0,219099.0,11.0,11.11111111111111,1305.8333333333335,10.0,3.0
487,2017-10-21 14:56:01,0.0,nan,650.0,nan,3747332.0,nan,nan,nan,0.0,219099.0,10.533333333333333,0.0,1305.8333333333335,26.0,7.0
487,2017-10-21 14:56:26,nan,nan,620.0,5.0,3747339.0,nan,nan,nan,0.0,219099.0,9.875,0.0,1305.8333333333335,25.0,7.0
487,2017-10-21 14:56:51,2.0,nan,657.0,22.0,3747351.0,nan,nan,nan,2.0,219099.0,9.875,13.88888888888889,1319.7222222222224,25.0,12.0
487,2017-10-21 14:57:17,0.0,nan,0.0,0.0,3747359.0,nan,nan,nan,0.0,219099.0,9.411764705882353,0.0,1319.7222222222224,26.0,8.0
487,2017-10-21 14:57:42,nan,nan,nan,nan,nan,nan,nan,nan,0.0,219099.0,8.88888888888889,0.0,1319.7222222222224,25.0,nan
487,2017-10-21 14:57:57,nan,nan,nan,nan,nan,nan,nan,nan,0.0,219099.0,8.88888888888889,0.0,1319.7222222222224,15.000000000000002,nan
487,2017-10-21 14:57:57,nan,nan,nan,nan,nan,nan,nan,nan,0.0,219099.0,8.88888888888889,0.0,1319.7222222222224,0.0,nan
487,2017-10-21 14:57:58,nan,nan,nan,nan,nan,nan,nan,nan,0.0,219099.0,8.88888888888889,0.0,1319.7222222222224,1.0,nan
487,2017-10-21 14:57:58,nan,nan,nan,nan,nan,nan,nan,nan,0.0,219099.0,8.88888888888889,0.0,1319.7222222222224,0.0,nan
487,2017-10-21 14:57:58,nan,nan,nan,nan,nan,nan,nan,nan,0.0,219099.0,8.88888888888889,0.0,1319.7222222222224,0.0,nan
487,2017-10-21 14:57:58,nan,nan,nan,nan,nan,nan,nan,nan,0.0,219099.0,8.88888888888889,0.0,1319.7222222222224,0.0,nan
487,2017-10-21 14:57:58,nan,nan,nan,nan,nan,nan,nan,nan,0.0,219099.0,8.88888888888889,0.0,1319.7222222222224,0.0,nan
487,2017-10-21 14:58:24,nan,nan,nan,nan,nan,nan,nan,nan,0.0,219099.0,8.88888888888889,0.0,1319.7222222222224,26.0,nan
487,2017-10-21 14:58:42,nan,nan,nan,nan,nan,nan,nan,nan,0.0,219099.0,8.88888888888889,0.0,1319.7222222222224,18.0,nan
