asset,recorded_at,MDI_OBD_SPEED,GPS_SPEED,MDI_OBD_RPM,MDI_OBD_ENGINE_LOAD,MDI_OBD_FUEL,ODO_FULL_METER,MDI_DASHBOARD_MILEAGE,distance_meter,speed_filled,meter_filled,load_filled,rpm_filled,avrg_speed,acceleration,distance_speed,distance_cum,delay,fuel,filled_speed,filled_meter,filled_load,filled_rpm
487,2017-10-16 15:48:55,nan,0.0,nan,nan,nan,nan,nan,nan,nan,nan,nan,nan,nan,nan,nan,nan,nan,nan,False,False,False,False
487,2017-10-16 15:48:55,nan,nan,nan,nan,nan,nan,nan,nan,nan,nan,nan,nan,nan,nan,nan,0.0,0.0,nan,False,False,False,False
487,2017-10-16 15:49:00,nan,nan,988.0,nan,nan,nan,nan,nan,nan,nan,nan,988.0,nan,nan,nan,0.0,5.0,nan,False,False,False,False
487,2017-10-16 15:49:00,nan,nan,nan,nan,nan,nan,nan,nan,nan,nan,988.0,988.0,nan,nan,nan,0.0,0.0,nan,False,False,True,True
487,2017-10-16 15:49:01,nan,nan,nan,nan,nan,nan,nan,nan,nan,nan,988.0,988.0,nan,nan,nan,0.0,1.0,nan,False,False,True,True
487,2017-10-16 15:49:01,nan,nan,nan,nan,nan,nan,nan,nan,nan,nan,988.0,988.0,nan,nan,nan,0.0,0.0,nan,False,False,True,True
487,2017-10-16 15:49:02,nan,nan,nan,nan,nan,nan,nan,nan,nan,nan,988.0,988.0,nan,nan,nan,0.0,1.0,nan,False,False,True,True
487,2017-10-16 15:49:02,nan,nan,nan,nan,nan,nan,nan,nan,nan,nan,988.0,988.0,nan,nan,nan,0.0,0.0,nan,False,False,True,True
487,2017-10-16 15:49:04,nan,nan,nan,nan,nan,nan,nan,nan,nan,nan,988.0,988.0,nan,nan,nan,0.0,2.0,nan,False,False,True,True
487,2017-10-16 15:49:07,2.0,757.0,647.0,nan,3684721.0,nan,nan,nan,2.0,nan,988.0,647.0,nan,nan,1.6666666666666667,1.6666666666666667,3.0,nan,False,False,True,False
487,2017-10-16 15:49:38,0.0,0.0,949.0,14.0,3684739.0,nan,nan,nan,0.0,nan,14.0,949.0,2.0,2.0,0.0,1.6666666666666667,31.000000000000004,18.0,False,False,False,False
487,2017-10-16 15:50:09,nan,nan,950.0,29.0,3684766.0,nan,nan,nan,0.0,nan,29.0,950.0,1.0,nan,0.0,1.6666666666666667,31.000000000000004,27.0,True,False,False,False
487,2017-10-16 15:50:39,nan,156.0,949.0,28.0,3684793.0,nan,nan,nan,0.0,nan,28.0,949.0,1.0,nan,0.0,1.6666666666666667,30.000000000000004,27.0,True,False,False,False
487,2017-10-16 15:51:10,nan,0.0,951.0,nan,3684819.0,nan,nan,nan,0.0,nan,949.0,951.0,1.0,nan,0.0,1.6666666666666667,31.000000000000004,26.0,True,False,True,False
487,2017-10-16 15:51:40,nan,nan,nan,27.0,3684845.0,nan,nan,nan,0.0,nan,27.0,27.0,1.0,nan,0.0,1.6666666666666667,30.000000000000004,26.0,True,False,False,True
487,2017-10-16 15:52:10,nan,nan,950.0,nan,3684870.0,nan,nan,nan,0.0,nan,27.0,950.0,1.0,nan,0.0,1.6666666666666667,30.000000000000004,25.0,True,False,True,False
487,2017-10-16 15:52:40,nan,320.0,951.0,nan,3684895.0,nan,nan,nan,0.0,nan,950.0,951.0,1.0,nan,0.0,1.6666666666666667,30.000000000000004,25.0,True,False,True,False
487,2017-10-16 15:53:11,nan,0.0,nan,26.0,3684921.0,nan,nan,nan,0.0,nan,26.0,26.0,1.0,nan,0.0,1.6666666666666667,31.000000000000004,26.0,True,False,False,True
487,2017-10-16 15:53:42,nan,nan,nan,25.0,3684946.0,nan,nan,nan,0.0,nan,25.0,25.0,1.0,nan,0.0,1.6666666666666667,31.000000000000004,25.0,True,False,False,True
487,2017-10-16 15:54:09,nan,nan,950.0,24.0,3684967.0,nan,nan,nan,0.0,nan,24.0,950.0,1.0,nan,0.0,1.6666666666666667,27.0,21.0,True,False,False,False
487,2017-10-16 15:54:39,nan,347.0,nan,nan,3684990.0,nan,nan,nan,0.0,nan,950.0,950.0,1.0,nan,0.0,1.6666666666666667,30.000000000000004,23.0,True,False,True,True
487,2017-10-16 15:55:09,nan,0.0,951.0,nan,3685012.0,nan,nan,nan,0.0,nan,950.0,951.0,1.0,nan,0.0,1.6666666666666667,30.000000000000004,22.0,True,False,True,False
487,2017-10-16 15:55:40,nan,nan,949.0,nan,3685036.0,nan,nan,nan,0.0,nan,951.0,949.0,1.0,nan,0.0,1.6666666666666667,31.000000000000004,24.0,True,False,True,False
487,2017-10-16 15:56:10,nan,nan,nan,nan,3685059.0,nan,nan,nan,0.0,nan,949.0,949.0,1.0,nan,0.0,1.6666666666666667,30.000000000000004,23.0,True,False,True,True
487,2017-10-16 15:56:40,4.0,1966.0,648.0,27.0,3685078.0,5385286.0,nan,nan,4.0,5385286.0,27.0,648.0,1.0,-4.0,33.33333333333334,35.00000000000001,30.000000000000004,19.0,False,False,False,False
487,2017-10-16 15:57:00,6.0,3394.0,651.0,24.0,3685087.0,5385306.0,nan,20.0,6.0,5385306.0,24.0,651.0,2.0,-2.0,33.333333333333336,68.33333333333334,20.0,9.0,False,False,False,False
487,2017-10-16 15:57:31,45.0,23978.0,1648.0,40.0,3685154.0,5385461.0,nan,155.0,45.0,5385461.0,40.0,1648.0,3.0,-39.0,387.50000000000006,455.83333333333337,31.000000000000004,67.0,False,False,False,False
487,2017-10-16 15:58:01,34.0,17492.0,1550.0,20.0,3685206.0,5385658.0,nan,197.0,34.0,5385658.0,20.0,1550.0,11.4,11.0,283.33333333333337,739.1666666666667,30.000000000000004,52.0,False,False,False,False
487,2017-10-16 15:58:32,32.0,17253.0,1607.0,21.0,3685250.0,5385906.0,nan,248.0,32.0,5385906.0,21.0,1607.0,15.166666666666666,2.0,275.5555555555556,1014.7222222222224,31.000000000000004,44.0,False,False,False,False
487,2017-10-16 15:59:02,27.0,14645.0,1359.0,2.0,3685312.0,5386101.0,nan,195.0,27.0,5386101.0,2.0,1359.0,17.571428571428573,5.0,225.00000000000006,1239.7222222222224,30.000000000000004,62.0,False,False,False,False
487,2017-10-16 15:59:33,10.0,8071.0,631.0,26.0,3685351.0,5386325.0,nan,224.0,10.0,5386325.0,26.0,631.0,18.75,17.0,86.11111111111113,1325.8333333333335,31.000000000000004,39.0,False,False,False,False
487,2017-10-16 16:00:04,19.0,10490.0,1445.0,24.0,3685394.0,5386444.0,nan,119.0,19.0,5386444.0,24.0,1445.0,17.77777777777778,-9.0,163.61111111111114,1489.4444444444446,31.000000000000004,43.0,False,False,False,False
487,2017-10-16 16:00:35,0.0,0.0,652.0,2.0,3685431.0,5386611.0,nan,167.0,0.0,5386611.0,2.0,652.0,17.9,19.0,0.0,1489.4444444444446,31.000000000000004,37.0,False,False,False,False
487,2017-10-16 16:01:06,nan,nan,nan,25.0,3685447.0,nan,nan,167.0,0.0,5386611.0,25.0,25.0,16.272727272727273,nan,0.0,1489.4444444444446,31.000000000000004,16.0,True,True,False,True
487,2017-10-16 16:01:36,25.0,13140.0,1631.0,23.0,3685476.0,5386634.0,nan,23.0,25.0,5386634.0,23.0,1631.0,16.272727272727273,-25.0,208.33333333333337,1697.7777777777778,30.000000000000004,29.0,False,False,False,False
487,2017-10-16 16:02:06,41.0,21375.0,1566.0,25.0,3685546.0,5386986.0,nan,352.0,41.0,5386986.0,25.0,1566.0,17.0,-16.0,341.66666666666674,2039.4444444444446,30.000000000000004,70.0,False,False,False,False
487,2017-10-16 16:02:37,51.0,25991.0,1787.0,42.0,3685579.0,5387262.0,nan,276.0,51.0,5387262.0,42.0,1787.0,18.846153846153847,-10.0,439.16666666666674,2478.6111111111113,31.000000000000004,33.0,False,False,False,False
487,2017-10-16 16:03:07,47.0,24386.0,1409.0,44.0,3685629.0,5387630.0,nan,368.0,47.0,5387630.0,44.0,1409.0,21.142857142857142,4.0,391.66666666666674,2870.2777777777783,30.000000000000004,50.0,False,False,False,False
487,2017-10-16 16:03:38,0.0,0.0,649.0,24.0,3685650.0,5387726.0,nan,96.0,0.0,5387726.0,24.0,649.0,22.866666666666667,47.0,0.0,2870.2777777777783,31.000000000000004,21.0,False,False,False,False
487,2017-10-16 16:04:09,nan,nan,648.0,nan,3685666.0,nan,nan,96.0,0.0,5387726.0,649.0,648.0,21.4375,nan,0.0,2870.2777777777783,31.000000000000004,16.0,True,True,True,False
487,2017-10-16 16:04:39,48.0,24429.0,2039.0,45.0,3685712.0,5387824.0,nan,98.0,48.0,5387824.0,45.0,2039.0,21.4375,-48.0,400.0000000000001,3270.2777777777783,30.000000000000004,46.0,False,False,False,False
487,2017-10-16 16:05:09,18.0,8470.0,767.0,0.0,3685772.0,5388225.0,nan,401.0,18.0,5388225.0,0.0,767.0,23.0,30.0,150.00000000000003,3420.2777777777783,30.000000000000004,60.0,False,False,False,False
487,2017-10-16 16:05:40,71.0,38116.0,1898.0,60.0,3685848.0,5388503.0,nan,278.0,71.0,5388503.0,60.0,1898.0,22.72222222222222,-53.0,611.388888888889,4031.6666666666674,31.000000000000004,76.0,False,False,False,False
487,2017-10-16 16:05:42,nan,37599.0,1641.0,nan,3685851.0,nan,nan,278.0,71.0,5388503.0,1898.0,1641.0,25.263157894736842,nan,39.44444444444444,4071.1111111111118,2.0,3.0,True,True,True,False
487,2017-10-16 16:05:43,70.0,37361.0,nan,nan,nan,5388578.0,nan,75.0,70.0,5388578.0,1641.0,1641.0,25.263157894736842,1.0,19.444444444444443,4090.555555555556,1.0,3.0,False,False,True,True
487,2017-10-16 16:05:44,69.0,36556.0,nan,nan,nan,nan,nan,75.0,69.0,5388578.0,1641.0,1641.0,27.5,1.0,19.166666666666668,4109.722222222223,1.0,3.0,False,True,True,True
487,2017-10-16 16:05:46,66.0,35738.0,nan,nan,nan,nan,nan,nan,66.0,nan,1641.0,1641.0,29.476190476190474,3.0,36.666666666666664,4146.38888888889,2.0,3.0,False,False,True,True
487,2017-10-16 16:05:47,64.0,35659.0,1490.0,nan,nan,5388651.0,nan,73.0,64.0,5388651.0,1641.0,1490.0,31.136363636363637,2.0,17.77777777777778,4164.166666666667,1.0,3.0,False,False,True,False
487,2017-10-16 16:05:49,63.0,32893.0,nan,nan,nan,nan,nan,73.0,63.0,5388651.0,1490.0,1490.0,32.56521739130435,1.0,35.0,4199.166666666667,2.0,3.0,False,True,True,True
487,2017-10-16 16:05:50,64.0,33558.0,nan,nan,nan,nan,nan,nan,64.0,nan,1490.0,1490.0,33.833333333333336,-1.0,17.77777777777778,4216.944444444444,1.0,3.0,False,False,True,True
487,2017-10-16 16:05:51,nan,33870.0,nan,nan,nan,5388718.0,nan,67.0,64.0,5388718.0,1490.0,1490.0,35.04,nan,17.77777777777778,4234.722222222222,1.0,3.0,True,False,True,True
487,2017-10-16 16:05:52,63.0,33685.0,1670.0,nan,nan,nan,nan,67.0,63.0,5388718.0,1490.0,1670.0,35.04,1.0,17.5,4252.222222222222,1.0,3.0,False,True,True,False
487,2017-10-16 16:05:54,62.0,32813.0,nan,nan,3685858.0,5388769.0,nan,51.0,62.0,5388769.0,1670.0,1670.0,36.11538461538461,1.0,34.44444444444444,4286.666666666666,2.0,7.0,False,False,True,True
487,2017-10-16 16:05:56,60.0,32078.0,nan,20.0,3685865.0,nan,nan,51.0,60.0,5388769.0,20.0,20.0,37.074074074074076,2.0,33.333333333333336,4319.999999999999,2.0,7.0,False,True,False,True
487,2017-10-16 16:06:27,0.0,0.0,651.0,24.0,3685889.0,5388978.0,nan,209.0,0.0,5388978.0,24.0,651.0,37.892857142857146,60.0,0.0,4319.999999999999,31.000000000000004,24.0,False,False,False,False
487,2017-10-16 16:06:57,25.0,13939.0,1610.0,53.0,3685908.0,5388992.0,nan,14.0,25.0,5388992.0,53.0,1610.0,36.58620689655172,-25.0,208.33333333333337,4528.333333333332,30.000000000000004,19.0,False,False,False,False
487,2017-10-16 16:07:28,43.0,22949.0,1575.0,0.0,3685979.0,5389320.0,nan,328.0,43.0,5389320.0,0.0,1575.0,36.2,-18.0,370.2777777777778,4898.6111111111095,31.000000000000004,71.0,False,False,False,False
487,2017-10-16 16:07:59,0.0,0.0,651.0,23.0,3685987.0,5389598.0,nan,278.0,0.0,5389598.0,23.0,651.0,36.41935483870968,43.0,0.0,4898.6111111111095,31.000000000000004,8.0,False,False,False,False
487,2017-10-16 16:08:29,7.0,3468.0,647.0,39.0,3686002.0,5389599.0,nan,1.0,7.0,5389599.0,39.0,647.0,35.28125,-7.0,58.33333333333334,4956.9444444444425,30.000000000000004,15.0,False,False,False,False
487,2017-10-16 16:08:59,0.0,0.0,0.0,0.0,3686044.0,5389654.0,nan,55.0,0.0,5389654.0,0.0,0.0,34.42424242424242,7.0,0.0,4956.9444444444425,30.000000000000004,42.0,False,False,False,False
487,2017-10-16 16:09:30,nan,nan,nan,nan,3686045.0,nan,nan,55.0,0.0,5389654.0,0.0,0.0,33.411764705882355,nan,0.0,4956.9444444444425,31.000000000000004,1.0,True,True,True,True
487,2017-10-16 16:10:00,nan,nan,nan,nan,nan,nan,nan,nan,0.0,nan,0.0,0.0,33.411764705882355,nan,0.0,4956.9444444444425,30.000000000000004,1.0,True,False,True,True
487,2017-10-16 16:10:31,nan,nan,nan,nan,nan,nan,nan,nan,0.0,nan,0.0,0.0,33.411764705882355,nan,0.0,4956.9444444444425,31.000000000000004,1.0,True,False,True,True
487,2017-10-16 16:10:44,nan,nan,nan,nan,nan,nan,nan,55.0,0.0,5389654.0,0.0,0.0,33.411764705882355,nan,0.0,4956.9444444444425,13.0,1.0,True,True,True,True
487,2017-10-16 16:10:45,nan,nan,nan,nan,nan,nan,nan,55.0,0.0,5389654.0,0.0,0.0,33.411764705882355,nan,0.0,4956.9444444444425,1.0,1.0,True,True,True,True
487,2017-10-16 16:10:45,nan,nan,nan,nan,nan,nan,nan,nan,0.0,nan,0.0,0.0,33.411764705882355,nan,0.0,4956.9444444444425,0.0,1.0,True,False,True,True
487,2017-10-16 16:10:45,nan,nan,nan,nan,nan,nan,nan,nan,0.0,nan,0.0,0.0,33.411764705882355,nan,0.0,4956.9444444444425,0.0,1.0,True,False,True,True
487,2017-10-16 16:10:45,nan,nan,nan,nan,nan,nan,nan,55.0,0.0,5389654.0,0.0,0.0,33.411764705882355,nan,0.0,4956.9444444444425,0.0,1.0,True,True,True,True
487,2017-10-16 16:10:45,nan,nan,nan,nan,nan,nan,nan,55.0,0.0,5389654.0,0.0,0.0,33.411764705882355,nan,0.0,4956.9444444444425,0.0,1.0,True,True,True,True
487,2017-10-16 16:10:45,nan,nan,nan,nan,nan,nan,nan,nan,0.0,nan,0.0,0.0,33.411764705882355,nan,0.0,4956.9444444444425,0.0,1.0,True,False,True,True
487,2017-10-16 16:11:16,nan,nan,nan,nan,nan,nan,nan,nan,0.0,nan,0.0,0.0,33.411764705882355,nan,0.0,4956.9444444444425,31.000000000000004,1.0,True,False,True,True
487,2017-10-16 16:11:30,nan,nan,nan,nan,nan,nan,nan,55.0,0.0,5389654.0,0.0,0.0,33.411764705882355,nan,0.0,4956.9444444444425,14.0,1.0,True,True,True,True
487,2017-10-16 16:12:00,nan,nan,nan,nan,nan,nan,nan,55.0,0.0,5389654.0,0.0,0.0,33.411764705882355,nan,0.0,4956.9444444444425,30.000000000000004,1.0,True,True,True,True
487,2017-10-16 16:12:31,nan,nan,nan,nan,nan,nan,nan,nan,0.0,nan,0.0,0.0,33.411764705882355,nan,0.0,4956.9444444444425,31.000000000000004,1.0,True,False,True,True
487,2017-10-16 16:13:01,nan,nan,nan,nan,nan,nan,nan,nan,0.0,nan,0.0,0.0,33.411764705882355,nan,0.0,4956.9444444444425,30.000000000000004,1.0,True,False,True,True
487,2017-10-16 16:13:32,nan,nan,nan,nan,nan,nan,nan,55.0,0.0,5389654.0,0.0,0.0,33.411764705882355,nan,0.0,4956.9444444444425,31.000000000000004,1.0,True,True,True,True
487,2017-10-16 16:14:02,nan,nan,nan,nan,nan,nan,nan,55.0,0.0,5389654.0,0.0,0.0,33.411764705882355,nan,0.0,4956.9444444444425,30.000000000000004,1.0,True,True,True,True
487,2017-10-16 16:14:33,nan,nan,nan,nan,nan,nan,nan,nan,0.0,nan,0.0,0.0,33.411764705882355,nan,0.0,4956.9444444444425,31.000000000000004,1.0,True,False,True,True
487,2017-10-16 16:15:04,nan,nan,nan,nan,nan,nan,nan,nan,0.0,nan,0.0,0.0,33.411764705882355,nan,0.0,4956.9444444444425,31.000000000000004,1.0,True,False,True,True
487,2017-10-16 16:15:35,nan,nan,nan,nan,nan,nan,nan,55.0,0.0,5389654.0,0.0,0.0,33.411764705882355,nan,0.0,4956.9444444444425,31.000000000000004,1.0,True,True,True,True
487,2017-10-16 16:16:06,nan,nan,nan,nan,nan,nan,nan,55.0,0.0,5389654.0,0.0,0.0,33.411764705882355,nan,0.0,4956.9444444444425,31.000000000000004,1.0,True,True,True,True
487,2017-10-16 16:16:37,nan,nan,nan,nan,nan,nan,nan,nan,0.0,nan,0.0,0.0,33.411764705882355,nan,0.0,4956.9444444444425,31.000000000000004,1.0,True,False,True,True
487,2017-10-16 16:17:07,nan,nan,nan,nan,nan,nan,nan,nan,0.0,nan,0.0,0.0,33.411764705882355,nan,0.0,4956.9444444444425,30.000000000000004,1.0,True,False,True,True
487,2017-10-16 16:17:38,nan,nan,nan,nan,nan,nan,nan,55.0,0.0,5389654.0,0.0,0.0,33.411764705882355,nan,0.0,4956.9444444444425,31.000000000000004,1.0,True,True,True,True
487,2017-10-16 16:18:08,nan,nan,nan,nan,nan,nan,nan,55.0,0.0,5389654.0,0.0,0.0,33.411764705882355,nan,0.0,4956.9444444444425,30.000000000000004,1.0,True,True,True,True
487,2017-10-16 16:18:38,nan,nan,nan,nan,nan,nan,nan,nan,0.0,nan,0.0,0.0,33.411764705882355,nan,0.0,4956.9444444444425,30.000000000000004,1.0,True,False,True,True
487,2017-10-16 16:19:09,nan,nan,nan,nan,nan,nan,nan,nan,0.0,nan,0.0,0.0,33.411764705882355,nan,0.0,4956.9444444444425,31.000000000000004,1.0,True,False,True,True
487,2017-10-16 16:19:39,nan,nan,nan,nan,nan,nan,nan,55.0,0.0,5389654.0,0.0,0.0,33.411764705882355,nan,0.0,4956.9444444444425,30.000000000000004,1.0,True,True,True,True
487,2017-10-16 16:20:09,nan,nan,nan,nan,nan,nan,nan,55.0,0.0,5389654.0,0.0,0.0,33.411764705882355,nan,0.0,4956.9444444444425,30.000000000000004,1.0,True,True,True,True
487,2017-10-16 16:20:40,nan,124.0,nan,nan,nan,nan,nan,nan,0.0,nan,0.0,0.0,33.411764705882355,nan,0.0,4956.9444444444425,31.000000000000004,1.0,True,False,True,True
487,2017-10-16 16:20:48,nan,0.0,nan,nan,nan,nan,nan,nan,0.0,nan,0.0,0.0,33.411764705882355,nan,0.0,4956.9444444444425,8.0,1.0,True,False,True,True
487,2017-10-16 16:21:17,nan,nan,nan,nan,nan,nan,nan,55.0,0.0,5389654.0,0.0,0.0,33.411764705882355,nan,0.0,4956.9444444444425,29.000000000000004,1.0,True,True,True,True
