asset,recorded_at,MDI_OBD_SPEED,GPS_SPEED,MDI_OBD_RPM,MDI_OBD_ENGINE_LOAD,MDI_OBD_FUEL,ODO_FULL_METER,MDI_DASHBOARD_MILEAGE,distance,delay,fuel,filled
487,2017-10-21 14:47:04,nan,nan,nan,nan,nan,nan,nan,nan,nan,nan,nan
487,2017-10-21 14:47:04,nan,nan,nan,nan,nan,nan,nan,nan,0 days 00:00:00,6.92729195397667e-310,1.0
487,2017-10-21 14:47:06,nan,nan,668.0,nan,nan,nan,nan,nan,0 days 00:00:02,6.92724664001356e-310,1.0
487,2017-10-21 14:47:09,nan,nan,nan,nan,nan,nan,nan,nan,0 days 00:00:03,6.9272466400175e-310,1.0
487,2017-10-21 14:47:09,nan,nan,722.0,nan,nan,nan,nan,nan,0 days 00:00:00,6.92724664002146e-310,1.0
487,2017-10-21 14:47:09,nan,nan,nan,nan,nan,nan,nan,nan,0 days 00:00:00,6.9272466400254e-310,1.0
487,2017-10-21 14:47:11,nan,nan,nan,nan,nan,nan,nan,nan,0 days 00:00:02,6.92724664002937e-310,1.0
487,2017-10-21 14:47:12,nan,nan,nan,nan,nan,nan,nan,nan,0 days 00:00:01,6.9272466400333e-310,1.0
487,2017-10-21 14:47:12,nan,nan,nan,nan,nan,nan,nan,nan,0 days 00:00:00,6.92724664003727e-310,1.0
487,2017-10-21 14:47:16,nan,nan,650.0,nan,3746937.0,nan,nan,nan,0 days 00:00:04,6.9272466400412e-310,1.0
487,2017-10-21 14:47:16,nan,nan,nan,nan,nan,nan,nan,nan,0 days 00:00:00,6.9272466702563e-310,1.0
487,2017-10-21 14:47:47,5.0,4311.0,653.0,6.0,3746949.0,217759.0,nan,43.055555555555564,0 days 00:00:31,12.0,0.0
487,2017-10-21 14:48:18,6.0,1308.0,641.0,3.0,3746970.0,217880.0,nan,51.66666666666668,0 days 00:00:31,21.0,0.0
487,2017-10-21 14:48:49,5.0,2195.0,632.0,22.0,3747014.0,218068.0,nan,43.055555555555564,0 days 00:00:31,44.0,0.0
487,2017-10-21 14:49:19,15.0,8283.0,1010.0,59.0,3747048.0,218107.0,nan,125.00000000000003,0 days 00:00:30,34.0,0.0
487,2017-10-21 14:49:50,6.0,2054.0,634.0,1.0,3747057.0,218265.0,nan,51.66666666666668,0 days 00:00:31,9.0,0.0
487,2017-10-21 14:50:20,14.0,8423.0,1012.0,25.0,3747071.0,218286.0,nan,116.66666666666669,0 days 00:00:30,14.0,0.0
487,2017-10-21 14:50:51,0.0,0.0,641.0,17.0,3747099.0,218464.0,nan,0.0,0 days 00:00:31,28.0,0.0
487,2017-10-21 14:51:22,0.0,nan,652.0,24.0,3747114.0,nan,nan,0.0,0 days 00:00:31,15.0,1.0
487,2017-10-21 14:51:52,25.0,12905.0,1877.0,23.0,3747129.0,218486.0,nan,208.33333333333337,0 days 00:00:30,15.0,0.0
487,2017-10-21 14:52:22,6.0,4450.0,632.0,0.0,3747179.0,218674.0,nan,50.000000000000014,0 days 00:00:30,50.0,0.0
487,2017-10-21 14:52:52,28.0,13756.0,1379.0,2.0,3747194.0,218839.0,nan,233.33333333333337,0 days 00:00:30,15.0,0.0
487,2017-10-21 14:53:23,19.0,9495.0,1575.0,7.0,3747209.0,218945.0,nan,163.61111111111114,0 days 00:00:31,15.0,0.0
487,2017-10-21 14:53:53,15.0,8026.0,816.0,73.0,3747281.0,219066.0,nan,125.00000000000003,0 days 00:00:30,72.0,0.0
487,2017-10-21 14:54:24,0.0,0.0,649.0,9.0,3747295.0,219099.0,nan,0.0,0 days 00:00:31,14.0,0.0
487,2017-10-21 14:54:55,0.0,462.0,656.0,26.0,3747311.0,nan,nan,0.0,0 days 00:00:31,16.0,1.0
487,2017-10-21 14:55:25,10.0,1499.0,650.0,7.0,3747322.0,nan,nan,83.33333333333334,0 days 00:00:30,11.0,0.0
487,2017-10-21 14:55:35,4.0,nan,648.0,9.0,3747325.0,nan,nan,11.11111111111111,0 days 00:00:10,3.0,0.0
487,2017-10-21 14:56:01,0.0,nan,650.0,nan,3747332.0,nan,nan,0.0,0 days 00:00:26,7.0,0.0
487,2017-10-21 14:56:26,0.0,nan,620.0,5.0,3747339.0,nan,nan,0.0,0 days 00:00:25,7.0,1.0
487,2017-10-21 14:56:51,2.0,nan,657.0,22.0,3747351.0,nan,nan,13.88888888888889,0 days 00:00:25,12.0,0.0
487,2017-10-21 14:57:17,0.0,nan,0.0,0.0,3747359.0,nan,nan,0.0,0 days 00:00:26,8.0,0.0
487,2017-10-21 14:57:42,0.0,nan,nan,nan,nan,nan,nan,0.0,0 days 00:00:25,6.92724663728e-310,1.0
487,2017-10-21 14:57:57,0.0,nan,nan,nan,nan,nan,nan,0.0,0 days 00:00:15,6.92724663728394e-310,1.0
487,2017-10-21 14:57:57,0.0,nan,nan,nan,nan,nan,nan,0.0,0 days 00:00:00,6.9272466372879e-310,1.0
487,2017-10-21 14:57:58,0.0,nan,nan,nan,nan,nan,nan,0.0,0 days 00:00:01,6.92724663729185e-310,1.0
487,2017-10-21 14:57:58,0.0,nan,nan,nan,nan,nan,nan,0.0,0 days 00:00:00,6.9272466372958e-310,1.0
487,2017-10-21 14:57:58,0.0,nan,nan,nan,nan,nan,nan,0.0,0 days 00:00:00,6.92724663729975e-310,1.0
487,2017-10-21 14:57:58,0.0,nan,nan,nan,nan,nan,nan,0.0,0 days 00:00:00,6.9272466704389e-310,1.0
487,2017-10-21 14:57:58,0.0,nan,nan,nan,nan,nan,nan,0.0,0 days 00:00:00,6.9272466373037e-310,1.0
487,2017-10-21 14:58:24,nan,nan,nan,nan,nan,nan,nan,0.0,0 days 00:00:26,6.92724663730766e-310,1.0
487,2017-10-21 14:58:42,nan,nan,nan,nan,nan,nan,nan,0.0,0 days 00:00:18,3.2e-322,1.0
