asset,recorded_at,MDI_OBD_SPEED,GPS_SPEED,MDI_OBD_RPM,MDI_OBD_ENGINE_LOAD,MDI_OBD_FUEL,ODO_FULL_METER,MDI_DASHBOARD_MILEAGE,distance,delay,fuel,filled
487,2017-10-20 20:08:22,nan,nan,nan,nan,nan,nan,nan,nan,nan,nan,nan
487,2017-10-20 20:08:23,nan,nan,nan,nan,nan,nan,nan,nan,0 days 00:00:01,2.98388773e-316,1.0
487,2017-10-20 20:08:26,nan,nan,652.0,nan,nan,nan,nan,nan,0 days 00:00:03,0.0,1.0
487,2017-10-20 20:08:27,nan,nan,nan,nan,nan,nan,nan,nan,0 days 00:00:01,0.0,1.0
487,2017-10-20 20:08:28,nan,nan,658.0,nan,nan,nan,nan,nan,0 days 00:00:01,6.92724663755074e-310,1.0
487,2017-10-20 20:08:28,nan,nan,nan,nan,nan,nan,nan,nan,0 days 00:00:00,6.92724663755943e-310,1.0
487,2017-10-20 20:08:28,nan,nan,nan,nan,nan,nan,nan,nan,0 days 00:00:00,6.9272466375768e-310,1.0
487,2017-10-20 20:08:30,nan,nan,nan,nan,nan,nan,nan,nan,0 days 00:00:02,6.92724663756813e-310,1.0
487,2017-10-20 20:08:31,nan,nan,nan,nan,nan,nan,nan,nan,0 days 00:00:01,6.9272466375855e-310,1.0
487,2017-10-20 20:08:35,nan,1363.0,648.0,nan,3733855.0,nan,nan,nan,0 days 00:00:04,6.9272466375942e-310,1.0
487,2017-10-20 20:08:35,nan,nan,nan,nan,nan,nan,nan,nan,0 days 00:00:00,6.9272466376029e-310,1.0
487,2017-10-20 20:09:06,nan,1168.0,650.0,19.0,3733869.0,174820.0,nan,nan,0 days 00:00:31,14.0,1.0
487,2017-10-20 20:09:37,nan,0.0,648.0,33.0,3733884.0,nan,nan,nan,0 days 00:00:31,15.0,1.0
487,2017-10-20 20:10:07,4.0,1424.0,645.0,0.0,3733899.0,nan,nan,33.33333333333334,0 days 00:00:30,15.0,0.0
487,2017-10-20 20:10:38,2.0,0.0,649.0,24.0,3733915.0,nan,nan,17.222222222222225,0 days 00:00:31,16.0,0.0
487,2017-10-20 20:11:09,0.0,nan,696.0,26.0,3733930.0,nan,nan,0.0,0 days 00:00:31,15.0,0.0
487,2017-10-20 20:11:30,0.0,1441.0,626.0,7.0,3733937.0,nan,nan,0.0,0 days 00:00:21,7.0,1.0
487,2017-10-20 20:11:45,2.0,3081.0,651.0,nan,3733944.0,nan,nan,8.333333333333336,0 days 00:00:15,7.0,0.0
487,2017-10-20 20:12:16,0.0,0.0,649.0,26.0,3733957.0,174886.0,nan,0.0,0 days 00:00:31,13.0,0.0
487,2017-10-20 20:12:47,0.0,nan,650.0,6.0,3733966.0,nan,nan,0.0,0 days 00:00:31,9.0,1.0
487,2017-10-20 20:13:17,nan,nan,nan,nan,3733974.0,nan,nan,0.0,0 days 00:00:30,8.0,1.0
487,2017-10-20 20:13:47,nan,908.0,nan,nan,3733982.0,174900.0,nan,0.0,0 days 00:00:30,8.0,1.0
487,2017-10-20 20:14:18,nan,969.0,nan,nan,3733990.0,174912.0,nan,0.0,0 days 00:00:31,8.0,1.0
487,2017-10-20 20:14:48,nan,0.0,651.0,5.0,3733998.0,174917.0,nan,0.0,0 days 00:00:30,8.0,1.0
487,2017-10-20 20:15:18,nan,731.0,652.0,6.0,3734006.0,nan,nan,0.0,0 days 00:00:30,8.0,1.0
487,2017-10-20 20:15:49,nan,0.0,650.0,nan,3734014.0,nan,nan,0.0,0 days 00:00:31,8.0,1.0
487,2017-10-20 20:16:19,nan,691.0,651.0,nan,3734022.0,nan,nan,0.0,0 days 00:00:30,8.0,1.0
487,2017-10-20 20:16:50,nan,0.0,nan,nan,3734031.0,nan,nan,0.0,0 days 00:00:31,9.0,1.0
487,2017-10-20 20:17:21,nan,nan,653.0,5.0,3734039.0,nan,nan,0.0,0 days 00:00:31,8.0,1.0
487,2017-10-20 20:17:51,nan,nan,nan,nan,3734047.0,nan,nan,0.0,0 days 00:00:30,8.0,1.0
487,2017-10-20 20:18:18,nan,nan,652.0,nan,3734054.0,nan,nan,0.0,0 days 00:00:27,7.0,1.0
487,2017-10-20 20:18:48,nan,nan,649.0,nan,3734062.0,nan,nan,0.0,0 days 00:00:30,8.0,1.0
487,2017-10-20 20:19:19,nan,nan,652.0,nan,3734070.0,nan,nan,0.0,0 days 00:00:31,8.0,1.0
487,2017-10-20 20:19:50,nan,nan,649.0,nan,3734078.0,nan,nan,0.0,0 days 00:00:31,8.0,1.0
487,2017-10-20 20:20:20,nan,314.0,nan,6.0,3734086.0,nan,nan,0.0,0 days 00:00:30,8.0,1.0
487,2017-10-20 20:20:51,nan,0.0,650.0,nan,3734094.0,nan,nan,0.0,0 days 00:00:31,8.0,1.0
487,2017-10-20 20:21:22,nan,nan,651.0,5.0,3734102.0,nan,nan,0.0,0 days 00:00:31,8.0,1.0
487,2017-10-20 20:21:52,nan,nan,652.0,nan,3734110.0,nan,nan,0.0,0 days 00:00:30,8.0,1.0
487,2017-10-20 20:22:23,nan,nan,651.0,nan,3734118.0,nan,nan,0.0,0 days 00:00:31,8.0,1.0
487,2017-10-20 20:22:54,nan,nan,652.0,6.0,3734127.0,nan,nan,0.0,0 days 00:00:31,9.0,1.0
487,2017-10-20 20:23:07,nan,nan,nan,nan,3734130.0,nan,nan,0.0,0 days 00:00:13,3.0,1.0
487,2017-10-20 20:23:12,nan,835.0,nan,nan,3734132.0,nan,nan,0.0,0 days 00:00:05,2.0,1.0
487,2017-10-20 20:23:16,nan,0.0,648.0,nan,3734133.0,nan,nan,0.0,0 days 00:00:04,1.0,1.0
487,2017-10-20 20:23:17,nan,nan,nan,nan,nan,nan,nan,0.0,0 days 00:00:01,6.92724664012936e-310,1.0
487,2017-10-20 20:23:27,nan,nan,653.0,5.0,3734136.0,nan,nan,0.0,0 days 00:00:10,3.0,1.0
487,2017-10-20 20:23:53,nan,nan,651.0,nan,3734142.0,nan,nan,0.0,0 days 00:00:26,6.0,1.0
487,2017-10-20 20:24:18,nan,nan,653.0,nan,3734149.0,nan,nan,0.0,0 days 00:00:25,7.0,1.0
487,2017-10-20 20:24:43,nan,nan,649.0,6.0,3734156.0,nan,nan,0.0,0 days 00:00:25,7.0,1.0
487,2017-10-20 20:24:51,nan,nan,651.0,nan,3734158.0,nan,nan,0.0,0 days 00:00:08,2.0,1.0
487,2017-10-20 20:24:51,nan,nan,nan,nan,nan,nan,nan,0.0,0 days 00:00:00,6.92724664017284e-310,1.0
487,2017-10-20 20:25:22,nan,nan,nan,5.0,3734166.0,nan,nan,0.0,0 days 00:00:31,8.0,1.0
487,2017-10-20 20:25:37,nan,nan,649.0,6.0,3734170.0,nan,nan,0.0,0 days 00:00:15,4.0,1.0
487,2017-10-20 20:25:38,nan,nan,nan,nan,nan,nan,nan,0.0,0 days 00:00:01,6.92724664019893e-310,1.0
487,2017-10-20 20:25:48,nan,nan,650.0,nan,3734173.0,nan,nan,0.0,0 days 00:00:10,3.0,1.0
487,2017-10-20 20:26:14,nan,nan,649.0,nan,3734180.0,nan,nan,0.0,0 days 00:00:26,7.0,1.0
487,2017-10-20 20:26:14,nan,nan,nan,nan,nan,nan,nan,0.0,0 days 00:00:00,6.927246640225e-310,1.0
487,2017-10-20 20:26:45,nan,nan,nan,nan,3734188.0,nan,nan,0.0,0 days 00:00:31,8.0,1.0
487,2017-10-20 20:27:17,nan,nan,nan,nan,3734197.0,nan,nan,0.0,0 days 00:00:32,9.0,1.0
487,2017-10-20 20:27:20,nan,nan,652.0,nan,nan,nan,nan,0.0,0 days 00:00:03,6.9272466402511e-310,1.0
487,2017-10-20 20:27:30,nan,nan,649.0,nan,3734200.0,nan,nan,0.0,0 days 00:00:10,3.0,1.0
487,2017-10-20 20:27:44,nan,nan,648.0,nan,3734204.0,nan,nan,0.0,0 days 00:00:14,4.0,1.0
487,2017-10-20 20:27:44,nan,nan,nan,nan,nan,nan,nan,0.0,0 days 00:00:00,6.9272466402772e-310,1.0
487,2017-10-20 20:28:15,nan,nan,nan,5.0,3734212.0,nan,nan,0.0,0 days 00:00:31,8.0,1.0
487,2017-10-20 20:28:46,nan,nan,650.0,nan,3734221.0,nan,nan,0.0,0 days 00:00:31,9.0,1.0
487,2017-10-20 20:28:56,nan,nan,649.0,nan,3734223.0,nan,nan,0.0,0 days 00:00:10,2.0,1.0
487,2017-10-20 20:29:01,nan,nan,650.0,nan,3734225.0,nan,nan,0.0,0 days 00:00:05,2.0,1.0
487,2017-10-20 20:29:03,nan,nan,nan,nan,nan,nan,nan,0.0,0 days 00:00:02,6.9272466387041e-310,1.0
487,2017-10-20 20:29:09,nan,nan,649.0,nan,3734226.0,nan,nan,0.0,0 days 00:00:06,1.0,1.0
487,2017-10-20 20:29:13,nan,nan,653.0,nan,3734228.0,nan,nan,0.0,0 days 00:00:04,2.0,1.0
487,2017-10-20 20:29:23,nan,nan,650.0,nan,3734230.0,nan,nan,0.0,0 days 00:00:10,2.0,1.0
487,2017-10-20 20:29:49,nan,nan,652.0,6.0,3734237.0,nan,nan,0.0,0 days 00:00:26,7.0,1.0
487,2017-10-20 20:30:15,nan,nan,651.0,nan,3734244.0,nan,nan,0.0,0 days 00:00:26,7.0,1.0
487,2017-10-20 20:30:40,nan,nan,650.0,nan,3734251.0,nan,nan,0.0,0 days 00:00:25,7.0,1.0
487,2017-10-20 20:31:06,nan,nan,648.0,nan,3734258.0,nan,nan,0.0,0 days 00:00:26,7.0,1.0
487,2017-10-20 20:31:29,nan,nan,651.0,nan,3734264.0,nan,nan,0.0,0 days 00:00:23,6.0,1.0
487,2017-10-20 20:31:29,nan,nan,nan,nan,nan,nan,nan,0.0,0 days 00:00:00,6.92724663877365e-310,1.0
487,2017-10-20 20:31:32,nan,nan,650.0,nan,3734265.0,nan,nan,0.0,0 days 00:00:03,1.0,1.0
487,2017-10-20 20:32:03,nan,nan,nan,nan,3734273.0,nan,nan,0.0,0 days 00:00:31,8.0,1.0
487,2017-10-20 20:32:22,nan,nan,652.0,nan,3734278.0,nan,nan,0.0,0 days 00:00:19,5.0,1.0
487,2017-10-20 20:32:53,nan,nan,651.0,nan,3734287.0,nan,nan,0.0,0 days 00:00:31,9.0,1.0
487,2017-10-20 20:33:21,nan,nan,nan,5.0,3734295.0,174971.0,nan,0.0,0 days 00:00:28,8.0,1.0
487,2017-10-20 20:33:43,nan,nan,649.0,nan,3734301.0,nan,nan,0.0,0 days 00:00:22,6.0,1.0
487,2017-10-20 20:33:45,nan,nan,nan,nan,nan,nan,nan,0.0,0 days 00:00:02,6.9272466388519e-310,1.0
487,2017-10-20 20:33:48,nan,nan,651.0,nan,3734302.0,nan,nan,0.0,0 days 00:00:03,1.0,1.0
487,2017-10-20 20:33:51,nan,nan,nan,nan,nan,nan,nan,0.0,0 days 00:00:03,6.9272466388606e-310,1.0
487,2017-10-20 20:34:04,nan,nan,649.0,nan,3734306.0,nan,nan,0.0,0 days 00:00:13,4.0,1.0
487,2017-10-20 20:34:14,nan,nan,652.0,nan,3734309.0,175010.0,nan,0.0,0 days 00:00:10,3.0,1.0
487,2017-10-20 20:34:16,nan,nan,nan,nan,nan,nan,nan,0.0,0 days 00:00:02,6.92724664152856e-310,1.0
487,2017-10-20 20:34:21,nan,nan,649.0,nan,3734311.0,nan,nan,0.0,0 days 00:00:05,2.0,1.0
487,2017-10-20 20:34:24,nan,nan,650.0,nan,3734312.0,nan,nan,0.0,0 days 00:00:03,1.0,1.0
487,2017-10-20 20:34:28,nan,nan,651.0,6.0,3734313.0,nan,nan,0.0,0 days 00:00:04,1.0,1.0
487,2017-10-20 20:34:40,nan,nan,647.0,nan,3734316.0,175026.0,nan,0.0,0 days 00:00:12,3.0,1.0
487,2017-10-20 20:34:50,nan,nan,652.0,nan,3734318.0,nan,nan,0.0,0 days 00:00:10,2.0,1.0
487,2017-10-20 20:34:55,nan,nan,648.0,nan,3734320.0,nan,nan,0.0,0 days 00:00:05,2.0,1.0
487,2017-10-20 20:35:00,nan,nan,650.0,nan,3734321.0,nan,nan,0.0,0 days 00:00:05,1.0,1.0
487,2017-10-20 20:35:03,nan,nan,662.0,nan,3734322.0,nan,nan,0.0,0 days 00:00:03,1.0,1.0
487,2017-10-20 20:35:04,nan,nan,nan,nan,3734324.0,nan,nan,0.0,0 days 00:00:01,2.0,1.0
487,2017-10-20 20:35:09,nan,nan,705.0,nan,3734326.0,nan,nan,0.0,0 days 00:00:05,2.0,1.0
487,2017-10-20 20:35:12,nan,nan,626.0,nan,3734327.0,nan,nan,0.0,0 days 00:00:03,1.0,1.0
487,2017-10-20 20:35:18,nan,nan,651.0,nan,3734329.0,nan,nan,0.0,0 days 00:00:06,2.0,1.0
487,2017-10-20 20:35:49,nan,nan,0.0,81.0,3734333.0,nan,nan,0.0,0 days 00:00:31,4.0,1.0
487,2017-10-20 20:35:55,nan,nan,nan,0.0,nan,nan,nan,0.0,0 days 00:00:06,6.9272466416503e-310,1.0
487,2017-10-20 20:36:09,nan,nan,nan,nan,nan,nan,nan,0.0,0 days 00:00:14,6.9272466416329e-310,1.0
487,2017-10-20 20:36:21,nan,nan,nan,nan,nan,nan,nan,0.0,0 days 00:00:12,6.927246641659e-310,1.0
487,2017-10-20 20:36:21,nan,nan,nan,nan,nan,nan,nan,0.0,0 days 00:00:00,6.9272466416677e-310,1.0
487,2017-10-20 20:36:22,nan,nan,nan,nan,nan,nan,nan,0.0,0 days 00:00:01,6.9272466416764e-310,1.0
487,2017-10-20 20:36:22,nan,nan,nan,nan,nan,nan,nan,0.0,0 days 00:00:00,6.9272466416851e-310,1.0
487,2017-10-20 20:36:22,nan,nan,nan,nan,nan,nan,nan,0.0,0 days 00:00:00,6.92724664169377e-310,1.0
487,2017-10-20 20:36:22,nan,nan,nan,nan,nan,nan,nan,0.0,0 days 00:00:00,6.92724664170247e-310,1.0
487,2017-10-20 20:36:23,nan,nan,nan,nan,nan,nan,nan,0.0,0 days 00:00:01,6.92724664697514e-310,1.0
487,2017-10-20 20:36:54,nan,686.0,nan,nan,nan,nan,nan,0.0,0 days 00:00:31,6.92724664698383e-310,1.0
487,2017-10-20 20:37:04,nan,94.0,nan,nan,nan,nan,nan,0.0,0 days 00:00:10,6.9272466470012e-310,1.0
487,2017-10-20 20:37:33,nan,391.0,nan,nan,nan,nan,nan,0.0,0 days 00:00:29,6.92724664699253e-310,1.0
487,2017-10-20 20:38:03,nan,92.0,nan,nan,nan,nan,nan,0.0,0 days 00:00:30,6.9272466470099e-310,1.0
487,2017-10-20 20:38:34,nan,0.0,nan,nan,nan,nan,nan,0.0,0 days 00:00:31,6.9272466470186e-310,1.0
487,2017-10-20 20:39:04,nan,237.0,nan,nan,nan,nan,nan,0.0,0 days 00:00:30,6.9272466470273e-310,1.0
487,2017-10-20 20:39:35,nan,0.0,nan,nan,nan,nan,nan,0.0,0 days 00:00:31,6.927246647036e-310,1.0
487,2017-10-20 20:40:05,nan,142.0,nan,nan,nan,nan,nan,0.0,0 days 00:00:30,6.9272466470447e-310,1.0
487,2017-10-20 20:40:35,nan,338.0,nan,nan,nan,nan,nan,0.0,0 days 00:00:30,6.9272466470621e-310,1.0
487,2017-10-20 20:41:05,nan,8997.0,nan,nan,nan,nan,nan,0.0,0 days 00:00:30,6.9272466470534e-310,1.0
487,2017-10-20 20:41:36,nan,0.0,nan,nan,nan,nan,nan,0.0,0 days 00:00:31,6.9272466470708e-310,1.0
487,2017-10-20 20:41:38,nan,nan,nan,nan,nan,nan,nan,0.0,0 days 00:00:02,6.9272466470795e-310,1.0
487,2017-10-20 20:41:46,nan,13260.0,nan,nan,nan,nan,nan,0.0,0 days 00:00:08,6.9272466470882e-310,1.0
487,2017-10-20 20:41:51,nan,15343.0,nan,nan,nan,nan,nan,0.0,0 days 00:00:05,6.92724664710557e-310,1.0
487,2017-10-20 20:41:54,nan,15159.0,nan,nan,nan,nan,nan,0.0,0 days 00:00:03,6.9272466470969e-310,1.0
487,2017-10-20 20:42:11,nan,545.0,nan,nan,nan,nan,nan,0.0,0 days 00:00:17,6.92724664711427e-310,1.0
487,2017-10-20 20:42:13,nan,1512.0,nan,nan,nan,nan,nan,0.0,0 days 00:00:02,6.92724664712296e-310,1.0
487,2017-10-20 20:42:20,nan,486.0,nan,nan,nan,nan,nan,0.0,0 days 00:00:07,6.92724664714035e-310,1.0
487,2017-10-20 20:42:26,nan,3897.0,nan,nan,nan,nan,nan,0.0,0 days 00:00:06,6.92724664713166e-310,1.0
487,2017-10-20 20:42:32,nan,868.0,nan,nan,nan,nan,nan,0.0,0 days 00:00:06,6.92724664714905e-310,1.0
487,2017-10-20 20:42:37,nan,0.0,nan,nan,nan,nan,nan,0.0,0 days 00:00:05,6.92724664715774e-310,1.0
487,2017-10-20 20:42:39,nan,nan,nan,nan,nan,nan,nan,0.0,0 days 00:00:02,6.92724664716644e-310,1.0
487,2017-10-20 20:42:48,nan,nan,nan,nan,nan,nan,nan,0.0,0 days 00:00:09,6.92724663624957e-310,1.0
487,2017-10-20 20:42:50,nan,nan,nan,nan,nan,nan,nan,0.0,0 days 00:00:02,6.92724663625826e-310,1.0
487,2017-10-20 20:42:50,nan,nan,nan,nan,nan,nan,nan,0.0,0 days 00:00:00,6.92724663626696e-310,1.0
487,2017-10-20 20:42:55,nan,nan,nan,nan,nan,nan,nan,0.0,0 days 00:00:05,6.92724663627565e-310,1.0
487,2017-10-20 20:43:26,nan,nan,nan,nan,nan,nan,nan,0.0,0 days 00:00:31,6.92724663629304e-310,1.0
487,2017-10-20 20:43:57,nan,nan,nan,nan,nan,nan,nan,0.0,0 days 00:00:31,6.92724663628435e-310,1.0
487,2017-10-20 20:44:27,nan,nan,nan,nan,nan,nan,nan,0.0,0 days 00:00:30,6.92724663630174e-310,1.0
487,2017-10-20 20:44:57,nan,nan,nan,nan,nan,nan,nan,0.0,0 days 00:00:30,6.92724663631043e-310,1.0
487,2017-10-20 20:45:28,nan,nan,nan,nan,nan,nan,nan,0.0,0 days 00:00:31,6.92724663631913e-310,1.0
487,2017-10-20 20:45:58,nan,nan,nan,nan,nan,nan,nan,0.0,0 days 00:00:30,6.92724663632783e-310,1.0
487,2017-10-20 20:46:28,nan,nan,nan,nan,nan,nan,nan,0.0,0 days 00:00:30,6.9272466363365e-310,1.0
487,2017-10-20 20:46:56,nan,nan,nan,nan,nan,nan,nan,0.0,0 days 00:00:28,6.9272466363452e-310,1.0
