asset,recorded_at,MDI_OBD_SPEED,GPS_SPEED,MDI_OBD_RPM,MDI_OBD_ENGINE_LOAD,MDI_OBD_FUEL,ODO_FULL_METER,MDI_DASHBOARD_MILEAGE,distance,delay,fuel,filled
487,2017-10-16 18:10:44,nan,nan,nan,nan,nan,nan,nan,nan,nan,nan,nan
487,2017-10-16 18:10:44,nan,nan,nan,nan,nan,nan,nan,nan,0 days 00:00:00,6.9272919540154e-310,1.0
487,2017-10-16 18:10:48,nan,nan,632.0,nan,nan,nan,nan,nan,0 days 00:00:04,2.761506e-316,1.0
487,2017-10-16 18:10:48,nan,nan,nan,nan,nan,nan,nan,nan,0 days 00:00:00,2.761506e-316,1.0
487,2017-10-16 18:10:49,nan,nan,nan,nan,nan,nan,nan,nan,0 days 00:00:01,2.406e-321,1.0
487,2017-10-16 18:10:50,nan,nan,643.0,nan,nan,nan,nan,nan,0 days 00:00:01,2.406e-321,1.0
487,2017-10-16 18:10:50,nan,nan,nan,nan,nan,nan,nan,nan,0 days 00:00:00,2.406e-321,1.0
487,2017-10-16 18:10:51,nan,nan,nan,nan,nan,nan,nan,nan,0 days 00:00:01,2.406e-321,1.0
487,2017-10-16 18:10:57,nan,1725.0,649.0,nan,3687419.0,nan,nan,nan,0 days 00:00:06,2.406e-321,1.0
487,2017-10-16 18:10:57,nan,nan,nan,nan,nan,nan,nan,nan,0 days 00:00:00,2.406e-321,1.0
487,2017-10-16 18:11:28,nan,913.0,949.0,16.0,3687439.0,nan,nan,nan,0 days 00:00:31,20.0,1.0
487,2017-10-16 18:11:58,nan,320.0,954.0,24.0,3687463.0,nan,nan,nan,0 days 00:00:30,24.0,1.0
487,2017-10-16 18:12:29,nan,0.0,951.0,9.0,3687477.0,5395003.0,nan,nan,0 days 00:00:31,14.0,1.0
487,2017-10-16 18:12:59,nan,nan,949.0,24.0,3687501.0,nan,nan,nan,0 days 00:00:30,24.0,1.0
487,2017-10-16 18:13:29,nan,nan,952.0,nan,3687523.0,nan,nan,nan,0 days 00:00:30,22.0,1.0
487,2017-10-16 18:14:00,22.0,11090.0,1684.0,12.0,3687549.0,5395047.0,nan,189.44444444444446,0 days 00:00:31,26.0,0.0
487,2017-10-16 18:14:30,31.0,16640.0,1636.0,53.0,3687646.0,5395235.0,nan,258.33333333333337,0 days 00:00:30,97.0,0.0
487,2017-10-16 18:15:01,0.0,0.0,649.0,0.0,3687678.0,5395382.0,nan,0.0,0 days 00:00:31,32.0,0.0
487,2017-10-16 18:15:31,0.0,nan,651.0,25.0,3687694.0,nan,nan,0.0,0 days 00:00:30,16.0,1.0
487,2017-10-16 18:16:01,15.0,8517.0,1299.0,24.0,3687712.0,5395392.0,nan,125.00000000000003,0 days 00:00:30,18.0,0.0
487,2017-10-16 18:16:32,2.0,0.0,632.0,40.0,3687746.0,5395533.0,nan,17.222222222222225,0 days 00:00:31,34.0,0.0
487,2017-10-16 18:17:02,34.0,17799.0,1729.0,16.0,3687794.0,5395693.0,nan,283.33333333333337,0 days 00:00:30,48.0,0.0
487,2017-10-16 18:17:33,0.0,0.0,651.0,2.0,3687826.0,5395923.0,nan,0.0,0 days 00:00:31,32.0,0.0
487,2017-10-16 18:18:04,0.0,nan,nan,24.0,3687842.0,nan,nan,0.0,0 days 00:00:31,16.0,1.0
487,2017-10-16 18:18:34,32.0,17104.0,1645.0,nan,3687873.0,5395980.0,nan,266.66666666666674,0 days 00:00:30,31.0,0.0
487,2017-10-16 18:19:04,15.0,8403.0,704.0,5.0,3687910.0,5396194.0,nan,125.00000000000003,0 days 00:00:30,37.0,0.0
487,2017-10-16 18:19:35,0.0,0.0,648.0,33.0,3687970.0,5396367.0,nan,0.0,0 days 00:00:31,60.0,0.0
487,2017-10-16 18:20:05,40.0,20527.0,1966.0,48.0,3688028.0,5396482.0,nan,333.33333333333337,0 days 00:00:30,58.0,0.0
487,2017-10-16 18:20:36,44.0,23188.0,1630.0,53.0,3688092.0,5396790.0,nan,378.8888888888889,0 days 00:00:31,64.0,0.0
487,2017-10-16 18:21:07,4.0,1517.0,632.0,43.0,3688127.0,5397119.0,nan,34.44444444444445,0 days 00:00:31,35.0,0.0
487,2017-10-16 18:21:38,0.0,0.0,651.0,24.0,3688141.0,5397136.0,nan,0.0,0 days 00:00:31,14.0,0.0
487,2017-10-16 18:22:08,11.0,6550.0,1254.0,23.0,3688157.0,nan,nan,91.66666666666669,0 days 00:00:30,16.0,0.0
487,2017-10-16 18:22:39,0.0,546.0,650.0,48.0,3688189.0,5397294.0,nan,0.0,0 days 00:00:31,32.0,0.0
487,2017-10-16 18:23:09,24.0,13180.0,850.0,23.0,3688218.0,5397379.0,nan,200.00000000000006,0 days 00:00:30,29.0,0.0
487,2017-10-16 18:23:40,19.0,10048.0,884.0,19.0,3688253.0,5397552.0,nan,163.61111111111114,0 days 00:00:31,35.0,0.0
487,2017-10-16 18:24:10,12.0,6476.0,1539.0,51.0,3688287.0,5397735.0,nan,100.00000000000003,0 days 00:00:30,34.0,0.0
487,2017-10-16 18:24:41,0.0,0.0,649.0,56.0,3688326.0,5397890.0,nan,0.0,0 days 00:00:31,39.0,0.0
487,2017-10-16 18:25:11,28.0,15687.0,1209.0,49.0,3688392.0,5398066.0,nan,233.33333333333337,0 days 00:00:30,66.0,0.0
487,2017-10-16 18:25:42,0.0,0.0,628.0,56.0,3688445.0,5398265.0,nan,0.0,0 days 00:00:31,53.0,0.0
487,2017-10-16 18:26:13,36.0,19494.0,1624.0,23.0,3688477.0,5398310.0,nan,310.00000000000006,0 days 00:00:31,32.0,0.0
487,2017-10-16 18:26:43,15.0,7520.0,651.0,0.0,3688532.0,5398543.0,nan,125.00000000000003,0 days 00:00:30,55.0,0.0
487,2017-10-16 18:27:14,0.0,0.0,nan,42.0,3688540.0,5398602.0,nan,0.0,0 days 00:00:31,8.0,0.0
487,2017-10-16 18:27:44,0.0,nan,650.0,22.0,3688555.0,nan,nan,0.0,0 days 00:00:30,15.0,1.0
487,2017-10-16 18:28:14,23.0,12579.0,1447.0,nan,3688574.0,5398637.0,nan,191.66666666666669,0 days 00:00:30,19.0,0.0
487,2017-10-16 18:28:45,0.0,0.0,646.0,nan,3688610.0,5398831.0,nan,0.0,0 days 00:00:31,36.0,0.0
487,2017-10-16 18:29:15,35.0,19082.0,1763.0,21.0,3688663.0,5398959.0,nan,291.66666666666674,0 days 00:00:30,53.0,0.0
487,2017-10-16 18:29:45,38.0,20277.0,1901.0,0.0,3688711.0,5399170.0,nan,316.66666666666674,0 days 00:00:30,48.0,0.0
487,2017-10-16 18:30:16,41.0,21964.0,1455.0,nan,3688794.0,5399428.0,nan,353.0555555555556,0 days 00:00:31,83.0,0.0
487,2017-10-16 18:30:46,33.0,17838.0,1629.0,29.0,3688840.0,5399663.0,nan,275.00000000000006,0 days 00:00:30,46.0,0.0
487,2017-10-16 18:31:17,0.0,0.0,650.0,23.0,3688884.0,5399868.0,nan,0.0,0 days 00:00:31,44.0,0.0
487,2017-10-16 18:31:47,0.0,nan,nan,nan,3688899.0,nan,nan,0.0,0 days 00:00:30,15.0,1.0
487,2017-10-16 18:32:17,39.0,21083.0,1552.0,22.0,3688958.0,5400054.0,nan,325.00000000000006,0 days 00:00:30,59.0,0.0
487,2017-10-16 18:32:48,0.0,0.0,649.0,nan,3688963.0,5400200.0,nan,0.0,0 days 00:00:31,5.0,0.0
487,2017-10-16 18:33:19,0.0,nan,648.0,nan,3688979.0,nan,nan,0.0,0 days 00:00:31,16.0,1.0
487,2017-10-16 18:33:49,32.0,16589.0,1574.0,0.0,3688999.0,5400338.0,nan,266.66666666666674,0 days 00:00:30,20.0,0.0
487,2017-10-16 18:34:20,10.0,4435.0,691.0,7.0,3689036.0,5400580.0,nan,86.11111111111113,0 days 00:00:31,37.0,0.0
487,2017-10-16 18:34:50,40.0,20407.0,1402.0,54.0,3689084.0,5400830.0,nan,333.33333333333337,0 days 00:00:30,48.0,0.0
487,2017-10-16 18:35:21,0.0,0.0,651.0,21.0,3689099.0,5400951.0,nan,0.0,0 days 00:00:31,15.0,0.0
487,2017-10-16 18:35:51,37.0,19347.0,1862.0,36.0,3689130.0,5401036.0,nan,308.33333333333337,0 days 00:00:30,31.0,0.0
487,2017-10-16 18:36:22,0.0,0.0,618.0,9.0,3689157.0,5401276.0,nan,0.0,0 days 00:00:31,27.0,0.0
487,2017-10-16 18:36:52,20.0,11246.0,1491.0,26.0,3689181.0,5401287.0,nan,166.66666666666669,0 days 00:00:30,24.0,0.0
487,2017-10-16 18:37:22,14.0,7690.0,655.0,1.0,3689212.0,5401501.0,nan,116.66666666666669,0 days 00:00:30,31.0,0.0
487,2017-10-16 18:37:53,0.0,0.0,651.0,21.0,3689223.0,5401523.0,nan,0.0,0 days 00:00:31,11.0,0.0
487,2017-10-16 18:38:23,18.0,9942.0,1422.0,33.0,3689237.0,5401530.0,nan,150.00000000000003,0 days 00:00:30,14.0,0.0
487,2017-10-16 18:38:48,54.0,27015.0,1675.0,nan,3689295.0,5401741.0,nan,375.0,0 days 00:00:25,58.0,0.0
487,2017-10-16 18:39:19,0.0,0.0,649.0,21.0,3689326.0,5401930.0,nan,0.0,0 days 00:00:31,31.0,0.0
487,2017-10-16 18:39:49,10.0,5470.0,829.0,39.0,3689342.0,5401938.0,nan,83.33333333333334,0 days 00:00:30,16.0,0.0
487,2017-10-16 18:40:20,0.0,0.0,650.0,21.0,3689356.0,5402012.0,nan,0.0,0 days 00:00:31,14.0,0.0
487,2017-10-16 18:40:51,0.0,nan,651.0,nan,3689371.0,nan,nan,0.0,0 days 00:00:31,15.0,1.0
487,2017-10-16 18:41:21,nan,nan,649.0,nan,3689385.0,nan,nan,0.0,0 days 00:00:30,14.0,1.0
487,2017-10-16 18:41:51,27.0,14602.0,1841.0,25.0,3689403.0,5402088.0,nan,225.00000000000006,0 days 00:00:30,18.0,0.0
487,2017-10-16 18:42:22,0.0,0.0,652.0,21.0,3689425.0,5402180.0,nan,0.0,0 days 00:00:31,22.0,0.0
487,2017-10-16 18:42:52,28.0,14384.0,1647.0,32.0,3689451.0,5402223.0,nan,233.33333333333337,0 days 00:00:30,26.0,0.0
487,2017-10-16 18:43:22,33.0,17070.0,1259.0,0.0,3689503.0,5402488.0,nan,275.00000000000006,0 days 00:00:30,52.0,0.0
487,2017-10-16 18:43:53,0.0,0.0,648.0,21.0,3689526.0,5402685.0,nan,0.0,0 days 00:00:31,23.0,0.0
487,2017-10-16 18:44:23,29.0,15645.0,1463.0,0.0,3689557.0,5402795.0,nan,241.6666666666667,0 days 00:00:30,31.0,0.0
487,2017-10-16 18:44:53,8.0,5475.0,738.0,2.0,3689575.0,5403005.0,nan,66.66666666666669,0 days 00:00:30,18.0,0.0
487,2017-10-16 18:45:24,21.0,10662.0,1595.0,22.0,3689591.0,5403059.0,nan,180.83333333333337,0 days 00:00:31,16.0,0.0
487,2017-10-16 18:45:54,19.0,10064.0,1141.0,13.0,3689610.0,5403219.0,nan,158.33333333333337,0 days 00:00:30,19.0,0.0
487,2017-10-16 18:46:24,26.0,14003.0,1766.0,34.0,3689637.0,5403330.0,nan,216.6666666666667,0 days 00:00:30,27.0,0.0
487,2017-10-16 18:46:55,22.0,11435.0,1213.0,22.0,3689689.0,5403464.0,nan,189.44444444444446,0 days 00:00:31,52.0,0.0
487,2017-10-16 18:47:26,19.0,10106.0,1526.0,45.0,3689712.0,5403563.0,nan,163.61111111111114,0 days 00:00:31,23.0,0.0
487,2017-10-16 18:47:56,7.0,3763.0,1074.0,8.0,3689734.0,5403739.0,nan,58.33333333333334,0 days 00:00:30,22.0,0.0
487,2017-10-16 18:48:26,14.0,6551.0,1153.0,35.0,3689746.0,5403817.0,nan,116.66666666666669,0 days 00:00:30,12.0,0.0
487,2017-10-16 18:48:57,0.0,0.0,655.0,22.0,3689758.0,5403892.0,nan,0.0,0 days 00:00:31,12.0,0.0
487,2017-10-16 18:49:27,11.0,5347.0,1494.0,19.0,3689768.0,5403901.0,nan,91.66666666666669,0 days 00:00:30,10.0,0.0
487,2017-10-16 18:49:58,14.0,9249.0,1031.0,22.0,3689789.0,5403981.0,nan,120.55555555555559,0 days 00:00:31,21.0,0.0
487,2017-10-16 18:50:28,12.0,5553.0,901.0,1.0,3689804.0,5404085.0,nan,100.00000000000003,0 days 00:00:30,15.0,0.0
487,2017-10-16 18:50:58,7.0,2479.0,664.0,22.0,3689814.0,5404150.0,nan,58.33333333333334,0 days 00:00:30,10.0,0.0
487,2017-10-16 18:51:29,21.0,8822.0,1607.0,2.0,3689831.0,5404263.0,nan,180.83333333333337,0 days 00:00:31,17.0,0.0
487,2017-10-16 18:52:00,27.0,14421.0,1959.0,42.0,3689851.0,5404346.0,nan,232.50000000000006,0 days 00:00:31,20.0,0.0
487,2017-10-16 18:52:30,10.0,5447.0,639.0,21.0,3689865.0,5404470.0,nan,83.33333333333334,0 days 00:00:30,14.0,0.0
487,2017-10-16 18:53:01,4.0,1679.0,645.0,22.0,3689877.0,5404497.0,nan,34.44444444444445,0 days 00:00:31,12.0,0.0
487,2017-10-16 18:53:32,0.0,0.0,650.0,18.0,3689889.0,5404543.0,nan,0.0,0 days 00:00:31,12.0,0.0
487,2017-10-16 18:54:02,4.0,2090.0,652.0,22.0,3689903.0,5404575.0,nan,33.33333333333334,0 days 00:00:30,14.0,0.0
487,2017-10-16 18:54:33,0.0,1620.0,645.0,31.0,3689917.0,5404583.0,nan,0.0,0 days 00:00:31,14.0,0.0
487,2017-10-16 18:55:04,0.0,88.0,648.0,47.0,3689938.0,nan,nan,0.0,0 days 00:00:31,21.0,1.0
487,2017-10-16 18:55:34,nan,354.0,640.0,24.0,3689955.0,nan,nan,0.0,0 days 00:00:30,17.0,1.0
487,2017-10-16 18:56:05,2.0,0.0,657.0,7.0,3689967.0,nan,nan,17.222222222222225,0 days 00:00:31,12.0,0.0
487,2017-10-16 18:56:35,0.0,nan,647.0,23.0,3689980.0,nan,nan,0.0,0 days 00:00:30,13.0,0.0
487,2017-10-16 18:57:05,2.0,335.0,644.0,8.0,3689992.0,5404626.0,nan,16.66666666666667,0 days 00:00:30,12.0,0.0
487,2017-10-16 18:57:36,0.0,0.0,0.0,22.0,3690006.0,nan,nan,0.0,0 days 00:00:31,14.0,0.0
487,2017-10-16 18:58:06,0.0,316.0,nan,0.0,nan,nan,nan,0.0,0 days 00:00:30,7.326211641311299e-208,1.0
487,2017-10-16 18:58:26,0.0,0.0,nan,nan,nan,nan,nan,0.0,0 days 00:00:20,7.326211641311299e-208,1.0
487,2017-10-16 18:58:27,0.0,nan,nan,nan,nan,nan,nan,0.0,0 days 00:00:01,7.326211641311299e-208,1.0
487,2017-10-16 18:58:27,0.0,nan,nan,nan,nan,nan,nan,0.0,0 days 00:00:00,7.326211641311299e-208,1.0
487,2017-10-16 18:58:27,0.0,nan,nan,nan,nan,nan,nan,0.0,0 days 00:00:00,7.326211641311299e-208,1.0
487,2017-10-16 18:58:27,0.0,nan,nan,nan,nan,nan,nan,0.0,0 days 00:00:00,7.32623844131826e-208,1.0
487,2017-10-16 18:58:28,0.0,nan,nan,nan,nan,nan,nan,0.0,0 days 00:00:01,7.326254002612624e-208,1.0
487,2017-10-16 18:58:28,0.0,nan,nan,nan,nan,nan,nan,0.0,0 days 00:00:00,7.326279938103231e-208,1.0
487,2017-10-16 18:58:57,nan,90.0,nan,nan,nan,nan,nan,0.0,0 days 00:00:29,7.3263067381101915e-208,1.0
487,2017-10-16 18:59:14,nan,0.0,nan,nan,nan,nan,nan,0.0,0 days 00:00:17,7.326333538117152e-208,1.0
