asset,recorded_at,MDI_OBD_SPEED,GPS_SPEED,MDI_OBD_RPM,MDI_OBD_ENGINE_LOAD,MDI_OBD_FUEL,ODO_FULL_METER,MDI_DASHBOARD_MILEAGE,distance_meter,speed_filled,meter_filled,avrg_speed_5,avrg_speed_10,avrg_speed_30,avrg_speed_all,distance_speed,distance_cum,delay,fuel
487,2017-10-01 14:25:57,nan,nan,nan,nan,nan,nan,nan,nan,nan,nan,nan,nan,nan,nan,nan,nan,nan,nan
487,2017-10-01 14:25:57,nan,nan,nan,nan,nan,nan,nan,nan,nan,nan,nan,nan,nan,nan,nan,nan,0.0,nan
487,2017-10-01 14:26:00,nan,nan,949.0,nan,nan,nan,nan,nan,nan,nan,nan,nan,nan,nan,nan,nan,3.0,nan
487,2017-10-01 14:26:00,nan,nan,nan,nan,nan,nan,nan,nan,nan,nan,nan,nan,nan,nan,nan,nan,0.0,nan
487,2017-10-01 14:26:03,nan,nan,nan,nan,nan,nan,nan,nan,nan,nan,nan,nan,nan,nan,nan,nan,3.0,nan
487,2017-10-01 14:26:03,nan,nan,934.0,nan,nan,nan,nan,nan,nan,nan,nan,nan,nan,nan,nan,nan,0.0,nan
487,2017-10-01 14:26:03,nan,nan,nan,nan,nan,nan,nan,nan,nan,nan,nan,nan,nan,nan,nan,nan,0.0,nan
487,2017-10-01 14:26:05,nan,nan,nan,nan,nan,nan,nan,nan,nan,nan,nan,nan,nan,nan,nan,nan,2.0,nan
487,2017-10-01 14:26:06,nan,0.0,nan,nan,nan,nan,nan,nan,nan,nan,nan,nan,nan,nan,nan,nan,1.0,nan
487,2017-10-01 14:26:08,5.0,nan,nan,nan,3180306.0,nan,nan,nan,nan,nan,nan,nan,nan,nan,2.7777777777777777,nan,2.0,nan
487,2017-10-01 14:26:11,nan,nan,665.0,nan,3180307.0,nan,nan,nan,5.0,nan,nan,nan,nan,nan,4.166666666666667,nan,3.0,1.0
487,2017-10-01 14:26:20,6.0,3402.0,921.0,nan,3180315.0,nan,nan,nan,nan,nan,nan,nan,nan,nan,15.0,nan,9.0,8.0
487,2017-10-01 14:26:20,nan,nan,nan,nan,nan,nan,nan,nan,6.0,nan,nan,nan,nan,nan,0.0,nan,0.0,nan
487,2017-10-01 14:26:26,5.0,2000.0,741.0,nan,3180318.0,3224662.0,nan,0.0,nan,nan,nan,nan,nan,nan,8.333333333333334,nan,6.0,3.0
487,2017-10-01 14:26:31,3.0,1342.0,641.0,40.0,3180323.0,3224699.0,nan,0.0,nan,nan,nan,nan,nan,nan,4.166666666666667,nan,5.0,5.0
487,2017-10-01 14:27:01,0.0,360.0,651.0,27.0,3180341.0,nan,nan,nan,nan,3224699.0,nan,nan,nan,nan,0.0,nan,30.000000000000004,18.0
487,2017-10-01 14:27:32,nan,128.0,654.0,nan,3180357.0,nan,nan,nan,0.0,3224699.0,nan,nan,0.0,nan,0.0,nan,31.000000000000004,16.0
487,2017-10-01 14:28:02,10.0,273.0,675.0,29.0,3180374.0,3224768.0,nan,0.0,nan,nan,nan,nan,nan,nan,83.33333333333334,nan,30.000000000000004,17.0
487,2017-10-01 14:28:32,11.0,5178.0,682.0,2.0,3180382.0,3224841.0,nan,0.0,nan,nan,nan,nan,nan,nan,91.66666666666669,nan,30.000000000000004,8.0
487,2017-10-01 14:29:03,9.0,4878.0,643.0,27.0,3180392.0,3224915.0,nan,0.0,nan,nan,nan,nan,nan,nan,77.50000000000001,nan,31.000000000000004,10.0
487,2017-10-01 14:29:33,35.0,18148.0,1780.0,16.0,3180436.0,3224996.0,nan,0.0,nan,nan,nan,nan,nan,nan,291.66666666666674,nan,30.000000000000004,44.0
487,2017-10-01 14:29:54,23.0,14754.0,1064.0,nan,3180464.0,3225252.0,nan,0.0,nan,nan,nan,nan,nan,nan,134.16666666666666,nan,21.0,28.0
487,2017-10-01 14:29:58,14.0,12137.0,1057.0,21.0,3180468.0,3225283.0,nan,0.0,nan,nan,nan,nan,nan,nan,15.555555555555555,nan,4.0,4.0
487,2017-10-01 14:30:01,nan,9537.0,nan,nan,3180472.0,3225301.0,nan,0.0,14.0,nan,nan,nan,nan,nan,11.666666666666666,nan,3.0,4.0
487,2017-10-01 14:30:32,34.0,17616.0,1752.0,31.0,3180562.0,3225521.0,nan,0.0,nan,nan,nan,nan,nan,nan,292.7777777777778,nan,31.000000000000004,90.0
487,2017-10-01 14:31:03,0.0,0.0,650.0,24.0,3180591.0,3225629.0,nan,0.0,nan,nan,nan,nan,nan,nan,0.0,nan,31.000000000000004,29.0
487,2017-10-01 14:31:33,47.0,24489.0,1726.0,37.0,3180658.0,3225799.0,nan,0.0,nan,nan,nan,nan,nan,nan,391.66666666666674,nan,30.000000000000004,67.0
487,2017-10-01 14:32:03,17.0,8033.0,1724.0,2.0,3180687.0,3226123.0,nan,0.0,nan,nan,nan,nan,nan,nan,141.66666666666669,nan,30.000000000000004,29.0
487,2017-10-01 14:32:34,23.0,13012.0,722.0,0.0,3180751.0,3226416.0,nan,0.0,nan,nan,nan,nan,nan,nan,198.05555555555557,nan,31.000000000000004,64.0
487,2017-10-01 14:33:04,41.0,21676.0,1519.0,28.0,3180828.0,3226667.0,nan,0.0,nan,nan,nan,nan,nan,nan,341.66666666666674,nan,30.000000000000004,77.0
487,2017-10-01 14:33:35,32.0,16802.0,1514.0,54.0,3180862.0,3226846.0,nan,0.0,nan,nan,nan,nan,nan,nan,275.5555555555556,nan,31.000000000000004,34.0
487,2017-10-01 14:34:06,45.0,23289.0,1615.0,0.0,3180927.0,3227051.0,nan,0.0,nan,nan,nan,nan,nan,nan,387.50000000000006,nan,31.000000000000004,65.0
487,2017-10-01 14:34:37,0.0,0.0,651.0,22.0,3180968.0,3227310.0,nan,0.0,nan,nan,nan,nan,nan,nan,0.0,nan,31.000000000000004,41.0
487,2017-10-01 14:35:07,55.0,29113.0,1966.0,63.0,3181043.0,3227432.0,nan,0.0,nan,nan,nan,nan,nan,nan,458.3333333333334,nan,30.000000000000004,75.0
487,2017-10-01 14:35:22,70.0,34424.0,1610.0,nan,3181098.0,3227688.0,nan,0.0,nan,nan,nan,nan,nan,nan,291.66666666666674,nan,15.000000000000002,55.0
487,2017-10-01 14:35:24,68.0,36720.0,nan,nan,3181106.0,nan,nan,nan,nan,3227688.0,nan,nan,nan,nan,37.77777777777778,nan,2.0,8.0
487,2017-10-01 14:35:25,nan,35716.0,1578.0,nan,3181109.0,3227760.0,nan,0.0,68.0,nan,nan,nan,nan,nan,18.88888888888889,nan,1.0,3.0
487,2017-10-01 14:35:27,65.0,34123.0,nan,nan,3181113.0,nan,nan,nan,nan,3227760.0,nan,nan,nan,nan,36.111111111111114,nan,2.0,4.0
487,2017-10-01 14:35:29,63.0,33130.0,nan,nan,3181120.0,3227831.0,nan,0.0,nan,nan,nan,nan,nan,nan,35.0,nan,2.0,7.0
487,2017-10-01 14:35:31,62.0,32455.0,1456.0,23.0,3181126.0,nan,nan,nan,nan,3227831.0,63.9,nan,nan,nan,34.44444444444444,nan,2.0,6.0
487,2017-10-01 14:35:33,nan,31742.0,nan,nan,3181130.0,3227900.0,nan,0.0,62.0,nan,nan,nan,nan,nan,34.44444444444444,nan,2.0,4.0
487,2017-10-01 14:35:35,nan,32689.0,nan,nan,3181133.0,nan,nan,nan,62.0,3227900.0,62.1,nan,nan,nan,34.44444444444444,nan,2.0,3.0
487,2017-10-01 14:35:36,63.0,32381.0,1468.0,nan,3181135.0,nan,nan,nan,nan,3227900.0,49.68,56.0,nan,nan,17.5,nan,1.0,2.0
487,2017-10-01 14:35:38,nan,33300.0,nan,nan,3181138.0,3227967.0,nan,0.0,63.0,nan,nan,nan,nan,nan,35.0,nan,2.0,3.0
487,2017-10-01 14:35:39,nan,33172.0,nan,nan,3181140.0,nan,nan,nan,63.0,3227967.0,60.300000000000004,nan,nan,nan,17.5,nan,1.0,2.0
487,2017-10-01 14:35:41,nan,33206.0,1475.0,nan,3181144.0,nan,nan,nan,63.0,3227967.0,48.24,48.96,nan,nan,35.0,nan,2.0,4.0
487,2017-10-01 14:35:42,nan,33171.0,nan,nan,3181146.0,3228050.0,nan,0.0,63.0,nan,nan,nan,nan,nan,17.5,nan,1.0,2.0
487,2017-10-01 14:35:43,61.0,31640.0,nan,nan,3181150.0,nan,nan,nan,nan,3228050.0,nan,nan,nan,nan,16.944444444444443,nan,1.0,4.0
487,2017-10-01 14:35:44,57.0,30279.0,nan,nan,3181153.0,nan,nan,nan,nan,3228050.0,59.760000000000005,60.0,nan,nan,15.833333333333334,nan,1.0,3.0
487,2017-10-01 14:35:45,53.0,27462.0,nan,nan,3181156.0,nan,nan,nan,nan,3228050.0,74.7,54.0,nan,nan,14.722222222222221,nan,1.0,3.0
487,2017-10-01 14:36:01,nan,nan,nan,nan,nan,nan,nan,nan,53.0,3228050.0,nan,0.0,26.279999999999998,nan,235.55555555555554,nan,16.0,nan
487,2017-10-01 14:36:05,44.0,22984.0,1320.0,48.0,3181181.0,3228332.0,nan,0.0,nan,nan,nan,nan,nan,nan,48.888888888888886,nan,4.0,25.0
487,2017-10-01 14:36:23,nan,nan,nan,nan,nan,nan,nan,nan,44.0,3228332.0,nan,nan,46.14545454545455,nan,220.0,nan,18.0,nan
487,2017-10-01 14:36:26,52.0,27871.0,1493.0,nan,3181233.0,3228598.0,nan,0.0,nan,nan,nan,nan,nan,nan,43.333333333333336,nan,3.0,52.0
487,2017-10-01 14:36:56,46.0,25493.0,1308.0,0.0,3181294.0,3229016.0,nan,0.0,nan,nan,nan,nan,nan,nan,383.33333333333337,nan,30.000000000000004,61.0
487,2017-10-01 14:37:27,59.0,30871.0,1492.0,16.0,3181343.0,3229351.0,nan,0.0,nan,nan,nan,nan,nan,nan,508.05555555555566,nan,31.000000000000004,49.0
487,2017-10-01 14:37:37,73.0,39336.0,2088.0,68.0,3181369.0,3229543.0,nan,0.0,nan,nan,nan,nan,nan,nan,202.77777777777777,nan,10.0,26.0
487,2017-10-01 14:37:39,77.0,40372.0,nan,nan,nan,nan,nan,nan,nan,3229543.0,nan,nan,nan,nan,42.77777777777778,nan,2.0,nan
487,2017-10-01 14:37:40,78.0,40466.0,nan,nan,nan,nan,nan,nan,nan,3229543.0,nan,nan,nan,nan,21.666666666666668,nan,1.0,nan
487,2017-10-01 14:37:42,79.0,41592.0,1852.0,nan,3181374.0,3229620.0,nan,0.0,nan,nan,nan,nan,nan,nan,43.888888888888886,nan,2.0,5.0
487,2017-10-01 14:37:43,80.0,41754.0,nan,nan,3181379.0,nan,nan,nan,nan,3229620.0,69.3,nan,nan,nan,22.22222222222222,nan,1.0,5.0
487,2017-10-01 14:37:45,79.0,41748.0,nan,nan,3181389.0,3229703.0,nan,0.0,nan,nan,nan,nan,nan,nan,43.888888888888886,nan,2.0,10.0
487,2017-10-01 14:37:46,80.0,41743.0,nan,nan,3181394.0,nan,nan,nan,nan,3229703.0,nan,nan,nan,nan,22.22222222222222,nan,1.0,5.0
487,2017-10-01 14:37:47,79.0,41795.0,1855.0,nan,3181399.0,nan,nan,nan,nan,3229703.0,nan,nan,nan,nan,21.944444444444443,nan,1.0,5.0
487,2017-10-01 14:37:49,80.0,42109.0,nan,nan,3181409.0,3229787.0,nan,0.0,nan,nan,nan,nan,nan,nan,44.44444444444444,nan,2.0,10.0
487,2017-10-01 14:37:51,79.0,42321.0,nan,nan,3181420.0,nan,nan,nan,nan,3229787.0,60.480000000000004,nan,nan,nan,43.888888888888886,nan,2.0,11.0
487,2017-10-01 14:37:52,80.0,42344.0,1886.0,nan,3181426.0,3229871.0,nan,0.0,nan,nan,nan,nan,nan,nan,22.22222222222222,nan,1.0,6.0
487,2017-10-01 14:37:53,82.0,42640.0,nan,nan,3181432.0,nan,nan,nan,nan,3229871.0,nan,90.36,nan,nan,22.77777777777778,nan,1.0,6.0
487,2017-10-01 14:37:55,83.0,43205.0,nan,nan,3181444.0,nan,nan,nan,nan,3229871.0,75.60000000000001,nan,nan,nan,46.111111111111114,nan,2.0,12.0
487,2017-10-01 14:37:57,nan,43481.0,1931.0,nan,3181457.0,3229979.0,nan,0.0,83.0,nan,nan,nan,nan,nan,46.111111111111114,nan,2.0,13.0
487,2017-10-01 14:37:59,82.0,42985.0,nan,nan,3181463.0,nan,nan,nan,nan,3229979.0,97.2,nan,nan,nan,45.55555555555556,nan,2.0,6.0
487,2017-10-01 14:38:01,78.0,41187.0,nan,0.0,3181475.0,nan,nan,nan,nan,3229979.0,nan,69.12,nan,nan,43.333333333333336,nan,2.0,12.0
487,2017-10-01 14:38:02,76.0,40533.0,1784.0,nan,3181482.0,3230066.0,nan,0.0,nan,nan,nan,nan,nan,nan,21.11111111111111,nan,1.0,7.0
487,2017-10-01 14:38:04,73.0,38663.0,nan,nan,3181488.0,nan,nan,nan,nan,3230066.0,62.64,78.0,nan,nan,40.55555555555556,nan,2.0,6.0
487,2017-10-01 14:38:05,nan,38419.0,nan,nan,nan,nan,nan,nan,73.0,3230066.0,78.3,70.2,nan,nan,20.27777777777778,nan,1.0,nan
487,2017-10-01 14:38:07,74.0,38647.0,1734.0,nan,nan,3230147.0,nan,0.0,nan,nan,nan,nan,nan,nan,41.111111111111114,nan,2.0,nan
487,2017-10-01 14:38:08,nan,38801.0,nan,nan,nan,nan,nan,nan,74.0,3230147.0,72.9,67.2,74.97931034482758,nan,20.555555555555557,nan,1.0,nan
487,2017-10-01 14:38:10,nan,38723.0,nan,nan,nan,3230242.0,nan,0.0,74.0,nan,nan,nan,nan,nan,41.111111111111114,nan,2.0,nan
487,2017-10-01 14:38:11,nan,38534.0,nan,nan,nan,nan,nan,nan,74.0,3230242.0,nan,94.68,nan,nan,20.555555555555557,nan,1.0,nan
487,2017-10-01 14:38:12,73.0,38765.0,1711.0,nan,nan,nan,nan,nan,nan,3230242.0,nan,nan,nan,nan,20.27777777777778,nan,1.0,nan
487,2017-10-01 14:38:14,72.0,37938.0,nan,nan,nan,3230319.0,nan,0.0,nan,nan,nan,nan,nan,nan,40.0,nan,2.0,nan
487,2017-10-01 14:38:15,73.0,37991.0,nan,nan,nan,nan,nan,nan,nan,3230319.0,nan,91.08000000000001,nan,nan,20.27777777777778,nan,1.0,nan
487,2017-10-01 14:38:17,75.0,38985.0,2201.0,nan,nan,nan,nan,nan,nan,3230319.0,55.44,nan,73.91999999999999,nan,41.666666666666664,nan,2.0,nan
487,2017-10-01 14:38:18,77.0,40081.0,nan,nan,nan,3230395.0,nan,0.0,nan,nan,nan,nan,nan,nan,21.38888888888889,nan,1.0,nan
487,2017-10-01 14:38:20,79.0,41414.0,nan,nan,nan,nan,nan,nan,nan,3230395.0,54.720000000000006,nan,75.47586206896551,nan,43.888888888888886,nan,2.0,nan
487,2017-10-01 14:38:22,81.0,42075.0,1978.0,nan,nan,3230478.0,nan,0.0,nan,nan,nan,nan,nan,nan,45.0,nan,2.0,nan
487,2017-10-01 14:38:24,80.0,42665.0,nan,nan,3181500.0,nan,nan,nan,nan,3230478.0,74.7,nan,75.35172413793103,nan,44.44444444444444,nan,2.0,12.0
